        32         220       0.308
        36         155       0.241
        45         156       0.399
        47         154       0.399
        48         158       0.409
        50         156       0.509
        51         155       0.470
        53         195       0.347
        55         156       0.470
        57         153       0.387
        59         156       0.476
        60         151       0.484
        61         153       0.482
        62         153       0.437
        63         152       0.471
        64         155       0.549
        65         154       0.476
        66         153       0.345
        67         153       0.453
        74         152       0.613
        75         156       0.446
        76         156       0.579
        77         155       0.427
        78         157       0.356
        80         206       0.344
        81         155       0.386
        82         155       0.344
        86         155       0.500
        87         158       0.345
        88         156       0.414
        89         152       0.295
        91         205       0.402
        92         153       0.208
        93         156       0.512
        95         154       0.477
        96         155       0.528
        97         155       0.439
        98         156       0.421
        99         155       0.357
       100         154       0.403
       101         157       0.345
       103         154       0.434
       104         156       0.284
       105         212       0.545
       107         154       0.559
       108         159       0.516
       109         157       0.388
       111         153       0.290
       112         156       0.349
       113         157       0.351
       114         156       0.523
       115         158       0.527
       117         156       0.298
       119         154       0.331
       120         156       0.387
       121         158       0.460
       122         153       0.458
       123         153       0.483
       124         156       0.516
       125         155       0.350
       126         154       0.562
       127         154       0.528
       129         155       0.416
       130         156       0.395
       133         153       0.523