         2          12       0.290
         3           8       0.197
         5           9       0.458
         6          14       0.281
         7           6       0.594
         8           4       0.432
         9           1       0.242
        11          11       0.305
        13          16       0.512
        14          21       0.403
        15          14       0.253
        16          19       0.575
        17          14       0.236
        23          25       0.277
        24          28       0.194
        26           6       0.276
        28          11       0.383
        29           4       0.252
        33          18       0.419
        34          22       0.178
        35          22       0.334
        36          22       0.157
        37          27       0.349
        39          22       0.358
        40          22       0.206
        41          26       0.393
        42          22       0.163
        43          24       0.419
        44          11       0.218
        45          21       0.392
        46          15       0.263
        47          18       0.335
        48          21       0.211
        49          28       0.290
        51          19       0.374
        52          24       0.200
        54          14       0.529
        55          17       0.272
        57          20       0.519
        58          22       0.186
        59           6       0.786
        60          23       0.400
        61          26       0.336
        62          19       0.775
        63          23       0.423
        64          19       0.318
        65           1       0.756
        66          21       0.466
        67          22       0.217
        68           8       0.779
        69          31       0.500
        70          25       0.236
        71          24       0.777
        72          27       0.502
        73          25       0.236
        74          27       0.791
        75          20       0.515
        76          24       0.294
        77          17       0.722
        78          22       0.529
        79          23       0.282
        80           7       0.861